strId              count           possiblyCount
    222754        43    114501
    201460        34    114501
    136703        14   2442017
    140212         3    114500
    140304         1   2442020
    135675         7    114500
        51        11   2442021
    125644        13    114501
    133344       101   2442017
      3264        55    114501
    213260         2   2442020
     17340       253    114501
    221744         5    114501
    376474      2052   2442020
    122764        44    114501
    400260      6302   2442020
    132066        13    114500
    145524         3    114501
    103340       101    114501
    131775         1   2442017
     60344        26    114501
     73004       375   2442020
     57504        13    114501
    403224         1   2442020
      6400        20    114501
    124720        37   2442020
    103744       150    114501
    150470        13   2442020
    377164      7075   2442020
    377250      1240    114501
    133004        23   2442017
     60260       213   2442020
    143072        26    114500
    133250         1   2442017
    136721         3    114500
    133330         5    114500
    102734        11    114501
      5370         3    114501
     65010        32   2442020
    140446         1   2442017
    221254      1252   2442020
    136375         1    114500
    130354       262   2442020
      7410        36   2442020
    176110        15   2442020
    137274       714   2442020
    377014     15602   2442020
    131731         1   2442017
    340670         1   2442020
    221424         3    114501
    124550       415    114501
    127430         4   2442020
    107720         3    114501
    125730       567   2442020
    103254         1   2442020
    145120        14   2442020
    132570         4   2442017
     75514        30    114501
    154274         2    114501
    264450         1    114501
     33010      2672   2442020
    145610        32    114501
      7240        42    114501
    136711        17   2442017
    136631         1    114500
    144104        20   2442017
    104520        60   2442020
    131450        45    114501
    144600        16   2442020
    401204         6   2442020
     77704         1    114501
    133064        26    114501
        27       425    114502
    105040         3    114501
     32150        43    114501
    150640      1172   2442020
        40       264    114502
    136545         4    114500
     66170         2    114501
    247534      1053   2442020
     77130       311    114501
    246204        32    114501
    133005        10   2442017
    132375         5   2442017
    246610        11   2442020
    117564       444    114501
    400750       164    114501
    142634         2   2442017
    136717         1    114500
    232704       122    114501
     65650       300   2442020
    376324      4610   2442020
    110560         7   2442020
     25570      3316   2442020
    142004         3   2442020
    135300         2    114500
      3200       761   2442020
    132140      3641   2442020
    401354        27   2442020
    113674      4131   2442020
    210634        52   2442020
     31544         1   2442020
    144422         1   2442017
    154124        32   2442020
     61270         7    114501
    113440      1176   2442020
    132552       105   2442017
    115310         1    114501
     22050         2    114501
      6314        12    114501
     53700         2   2442020
    132552         6    114500
    343634       444    114501
     75664        15   2442020
    377014       676    114501
    171210        10    114501
     52604         2    114501
     24730        26   2442020
    332760         2   2442020
    135701         1   2442017
    140534         1    114500
    120660        16   2442020
     13300      4056   2442020
    132246         1   2442017
    250054       131   2442020
      6400       743   2442020
    144507         1    114500
     70700       241    114501
         1      4551    114502
        57       544   2442021
     34510       635   2442020
    137041       152   2442017
    270574        10   2442020
    144103         4   2442017
    132102        11   2442017
    132031         2   2442017
    115310        17   2442020
     70210       565   2442020
    162760       142   2442020
        22      2473    114502
    247620        60    114501
    222520         2   2442020
    136722        13   2442017
    133000        64    114501
    117650        42   2442020
     71304         2   2442020
     21040         5    114501
    100054        55    114501
    235074         6   2442020
    377250     22177   2442020
    136700         2    114500
    147224        66   2442020
    143334      4137   2442020
      7730        10    114501
    377100        73    114501
    133023         1    114500
     50650        10   2442020
    243240        10    114501
     33650      4224   2442020
     66424         1   2442020
    174730       214    114501
    135254        51    114501
    226240        10   2442020
    225400       333   2442020
    343634     10632   2442020
    150554        72   2442020
     66340         3    114501
     17660        60   2442020
    214354       216   2442020
    137210       633    114501
    350300        47   2442020
    144430      2140   2442020
    131450       634   2442020
    144100        65   2442017
    206614       404   2442020
    132014        21    114500
    402300        62   2442020
         2     22126   2442021
     51574       737   2442020
     47320         1   2442020
     25100         1    114501
    331750         1   2442020
    136461       450   2442017
     57654      2044   2442020
        15      2625    114502
      6144       726   2442020
    157644         1   2442020
     26110         2    114501
    102650        52    114501
    242720         4   2442020
    110324       373    114501
    130440       377   2442020
    400024        66    114501
        23      3315    114502
    133336       103   2442017
    156720        55   2442020
     60664        13   2442020
    146770        10    114501
    136475         3    114500
    116724       145    114501
    175420        11    114501
    172050         2    114501
     27610       466   2442020
    131300         1    114501
    317460         2   2442020
     27204         1    114501
    132014        71   2442017
    112174         7   2442020
    324210         3   2442020
      1650      3265   2442020
    136762       206   2442017
    376240       327    114501
    144024      1144    114501
    340604         1   2442020
    263440        15   2442020
        35     23757   2442021
    125410        10   2442020
    227100        12    114501
     32640      1265   2442020
    143070       124   2442017
    151244       536   2442020
    135340        33   2442020
    257634         1   2442020
     57570        26    114501
     76204       215    114501
    135465        27   2442017
     76524       322   2442020
    260004        31   2442020
      4700       166   2442020
     26514         6    114501
    100630         1   2442020
      5454        14   2442020
    111420       414    114501
     77044         5   2442020
    133253        20   2442017
     27610        25    114501
    103254         1    114501
     55720        25   2442020
    133336         3    114500
    143570        12    114501
    132244         1   2442017
    110070        13   2442020
     57420        70    114501
    370417         3    114500
    135465         1    114500
    156634         5   2442020
    133252         1    114500
        57        43    114502
    136114         2    114501
    132330        25   2442017
    132164         1    114500
    135664        16    114500
    117650         6    114501
     46140        15   2442020
     36444      2471   2442020
    370074         1    114501
    135662       507   2442017
     77534        14    114501
    145034         1   2442020
      2254      1155   2442020
    137266         1    114500
    104670      1315   2442020
    140530         3    114500
    132224         1    114501
     63140         5    114501
    127260        10   2442020
     20350         1   2442020
    156464        61    114501
    136204         1   2442017
    142464       113   2442017
    251000        67   2442020
     76440       137   2442020
    246674        23    114501
     53360        10   2442020
     61524         1   2442020
    133350         3   2442017
    143412       160   2442017
    204424       316   2442020
    235330       173    114501
    405074         2    114501
    230174       110   2442020
    227570      1204   2442020
    103744      3277   2442020
    223274        22    114501
    135704         3    114500
    124720         1    114501
    110324      6457   2442020
      6464         6    114501
     51510       134   2442020
    401120       115    114501
    136776       403   2442017
    151564         3   2442020
     26174      2030   2442020
    101320      1016   2442020
    144024     20442   2442020
    402450        11   2442020
    166414         7   2442020
     12204       215   2442020
    240360        24   2442020
    136521         2    114500
    140134        13    114501
    344324         1   2442020
     12204        17    114501
    222434       335   2442020
        62    315551   2442021
     52754      1710   2442020
     12440         6   2442020
    113524         2   2442020
    163770        20   2442020
    116470      1060   2442020
    135575        11   2442017
     61120      1351   2442020
    137530         4    114501
    161344        40   2442020
    135703         3    114500
    403460         1    114501
    132505         3   2442017
    136672       372   2442017
     36530         1    114501
    137352        23   2442017
     72720         4    114501
    140211         1   2442017
     31224         2   2442020
        60        62    114502
    100224      1360   2442020
    131364       224   2442020
     35200       354   2442020
    135710         2   2442017
    122764      1344   2442020
    121030       613   2442020
    370453         1    114500
    176260       206    114501
     60344       651   2442020
     60750       105    114501
    161344         1    114501
    131044       277    114501
     15000        24    114501
    400430        57   2442020
    275730         2   2442020
    221660         2    114501
    132631         5   2442017
     45534         7   2442020
     71454        25    114501
    133343        20   2442017
    132057        24   2442017
    136454       354   2442017
     65244       332   2442020
    111100     12645   2442020
    376154      6311   2442020
    116554       762   2442020
        56      1616    114502
    311720        16   2442020
    161664         1    114501
    140277        14   2442017
    136616         5    114500
    117244        13    114501
     70764         2   2442020
    115054         2    114501
    136712        26   2442017
    135270         3   2442017
    136673       460   2442017
    404640         1    114501
    137142        25   2442017
    135264        17   2442017
    350450         1   2442020
     17020        16    114501
    113354       122    114501
    257314         2   2442020
    137132         5    114500
    120104        73   2442020
    370420         1    114500
    136214        11   2442017
    234640         5   2442020
    143334       225    114501
    133335        33   2442017
    125240         1   2442020
     64150         2   2442020
    120170       101    114501
    132565         3   2442017
    136372       136   2442017
    161430         1   2442020
    154360        46   2442020
    130120       460    114501
     17170        20   2442020
    137144        16   2442017
    131771         1   2442017
     75600         1    114501
    133072       121   2442017
    135660      3261   2442020
     20434      1005   2442020
    135614         2   2442017
     54220        12   2442020
    300610         2   2442020
    134564        15    114501
    111570       214   2442020
    226070      3711   2442020
    135272        42    114500
    140050         1    114501
    137140       355   2442017
    170520        20   2442020
    116640      4365   2442020
    132157         1    114500
    133115         1   2442017
    151010      1165   2442020
    155304         3    114501
    147544        14   2442020
    265544         1   2442020
     17510        17    114501
    161514         2   2442020
    232770        33   2442020
        32       413    114502
    107634       570   2442020
    136200        64    114501
    135660       264    114501
     72144         6   2442020
    222350        40    114501
    137136        54   2442017
     63310        33   2442020
    104520         1    114501
     56004         1   2442020
    402364      1336   2442020
     34510        45    114501
     27270         1    114501
    140220      4075   2442020
    136370        31    114500
      4360        30    114501
    136434      2677   2442020
     51660       424   2442020
    137350        13   2442017
      6634        77    114501
    207540       636   2442020
     36614         7    114501
    135711         1   2442017
       150       651   2442020
        41     30265   2442021
    135340         3    114501
    120340         5    114501
    135707         3    114500
    137041        17    114500
    133335         1    114500
     14714        23   2442020
    226324       103   2442020
      5624       100    114501
    150150         4    114501
    370414        47    114501
    256710        11   2442020
    135574       303   2442020
    221424        63   2442020
    142240      4032   2442020
      1500         4   2442020
    136755         2    114500
    247044      1061   2442020
    132172         4    114500
    142470        10   2442017
    227100       123   2442020
    135702        11    114500
    203500        17    114501
     53040        13    114501
        36      1042    114502
    136612       116   2442017
    136675        13   2442017
    135574        14    114501
    350770      1156   2442020
    376240     10450   2442020
    327644        14   2442020
        62     14170    114502
    145354      6071   2442020
      6550         5    114501
    143076       710   2442017
    101150      4236   2442020
     61120        64    114501
        43         1    114502
    340520         2   2442020
    132172        35   2442017
    203010        15    114501
    370156         1    114500
    122210       145   2442020
    207540        23    114501
        26      2266   2442021
    203160        43   2442020
    152170        25    114501
    110474     14617   2442020
    140210         7   2442017
    135300        31   2442017
    135271        67   2442017
    252244         3    114501
    377420      1053    114501
    133360         5   2442017
    137270         1   2442017
    120170      1513   2442020
    136212        31   2442017
     52264         5    114501
    136706         2    114500
    232620       126   2442020
     36530        41   2442020
    403714         1    114501
    245750         2    114501
     32000         6   2442020
     64320        10   2442020
     52350       310   2442020
    226474         2    114501
    136205        12    114500
    136216        20   2442017
    175654       445   2442020
    405160         4    114501
    203074         7    114501
    136624       257   2442017
     10100       232    114501
    102564        34   2442020
    131300        47   2442020
    136776        27    114500
    167170       551   2442020
       404      2513   2442020
    221340         4    114501
    203330         1   2442020
    170350         3   2442020
    137127         1   2442017
    230110      1060   2442020
    115054        14   2442020
    116150       242    114501
     36700         2   2442020
    111740         2   2442020
    143570       255   2442020
    140452        53   2442017
    403140         1    114501
    200770        51   2442020
    277430         1   2442020
    221170       476   2442020
    146704        25    114501
    135424      2106   2442020
    154210      1702   2442020
    246674        14   2442020
       724      4771   2442020
    132171        45   2442017
    116000     12011   2442020
     65330         3    114501
    352470         1   2442020
     73070      1714   2442020
     44524        17   2442020
    136435         4    114500
    137265         2   2442017
    233224       367    114501
    246760        60   2442020
    135676       244   2442017
     24324         5   2442020
    163450      2636   2442020
        20      7344    114502
    370415         1    114500
    135272       525   2442017
    137530        15   2442020
    140532       435   2442017
     14714         1    114501
    151414        51    114501
      1010       115   2442020
     25740         6    114501
    201054         1   2442020
    120254        50    114501
    252414        22   2442020
    132062       112   2442017
    135665         7    114500
     71134         1   2442020
    226644         7    114501
    363260        26    114501
    137614        10    114501
      6550       240   2442020
    325624         1   2442020
    136446       171   2442017
    133252        13   2442017
     24474        16    114501
     10100      4345   2442020
    112430        14    114501
    132630        51   2442020
    130524      7330   2442020
    136713        13    114500
    131214       242   2442020
     53444       245   2442020
    404470         7    114501
    162760         3    114501
    202640       444   2442020
    105764         4   2442020
    203414         3    114501
    401270        60   2442020
     33244      4525   2442020
     33734       277    114501
    133076        24   2442017
     73070       111    114501
    110154         1    114501
    132004       104   2442017
    132163       274   2442017
    141720         7    114501
    152660        62    114501
     46310        10    114501
        13       522    114502
    135711         1    114500
    232534        30    114501
     31310         7    114501
    406424         1    114501
    137125         7   2442017
    377334     16770   2442020
    134734        13   2442020
    104264       103    114501
     25570       114    114501
    242060        64   2442020
    101234         1   2442020
    144174       160    114501
    250054         3    114501
    225550        43    114501
     13534        26    114501
     66254        43   2442020
    226070       214    114501
    157730         1   2442020
    324614         1   2442020
    142472       344   2442017
     57100      2113   2442020
     33500      1131   2442020
    223530       513   2442020
     54624        15    114501
     13704        56    114501
    331344         6   2442020
    143072       376   2442017
    133256         1   2442017
     33010       143    114501
    136641         2    114500
    132055         1    114500
    144430       113    114501
    174154       114   2442020
    401034         1    114501
    140533         1    114500
    251064         2    114501
    136605         3    114500
    133245         2   2442017
     71220       153   2442020
    112514      3231   2442020
    120744         5    114501
    377570     23176   2442020
    143414         1    114500
    133006         3    114500
      5540         1    114501
    151160        10   2442020
    132161        20   2442017
    227504       331   2442020
     45044        10   2442020
    143416       730   2442017
    135315        13   2442017
    247130        17    114501
    135516         2   2442017
    223444        13    114501
    166330       234   2442020
    250310         2   2442020
      2510        50    114501
    144260        53    114501
     51254         5    114501
    106304        17   2442020
    356124      1616    114501
    201140         3   2442020
    117160     10270   2442020
     35200         4    114501
    373210         2   2442020
    133330        27   2442017
    120340       117   2442020
    135432       241   2442017
    125644       175   2442020
     26514       252   2442020
       234       145    114501
    234724        36   2442020
    177270       174   2442020
    136540        27    114500
    132151        11   2442017
        61       637   2442021
    142474        22   2442020
    143071        34   2442017
    133234         5    114501
    336650         1    114501
     33564     10352   2442020
    133013       326   2442017
     54540       110   2442020
    144102        24    114500
     56560         1    114501
     70360        40    114501
    142466       213   2442017
     11664        11   2442020
    405010        11    114501
         6      5062    114502
     26174        77    114501
    133150         2   2442020
    151650         4   2442020
    136526       347   2442017
    123370      3021   2442020
    135444      1344   2442017
    104754      4304   2442020
    403374        10    114501
    135425         6   2442017
    111250        21   2442020
    264044         3   2442020
    402130         4   2442020
    133017        11   2442017
        41      1103    114502
    243070        45   2442020
    245110        11   2442020
    133015        71   2442017
        55        74    114502
    117330      1275   2442020
    136353         1    114500
        25     36123   2442021
    352064         3   2442020
    221510      1073   2442020
    122274       207    114501
    132414        35   2442017
    135444        41    114500
    175504        27   2442020
    140050        10   2442020
    122124        35    114501
    111014         1    114501
    351460         1   2442020
     15000      1433   2442020
     77620       337    114501
    162204       122   2442020
      5774         3   2442020
     73240         2   2442020
    402534       115   2442020
    132145        11    114500
    133337        20   2442017
    266320         2   2442020
    252500        57   2442020
    136030        16   2442020
    131620        34   2442020
    135674        32   2442017
      4360      1520   2442020
    132461        23   2442017
     64234       163   2442020
    136672        32    114500
    176750        11    114501
    135713         1    114500
    404724        10    114501
    131704         1    114501
      1074       747   2442020
     66170        27   2442020
    351054        20    114501
       640      1373   2442020
    241774         4    114501
    175250      1352   2442020
    271200         3   2442020
     77130      7720   2442020
    132406         2   2442017
    261420         1   2442020
     52030       205   2442020
        22     57741   2442021
     52670        10    114501
    162440         2    114501
    166500        36    114501
    136205       201   2442017
    132421         1   2442017
    336500         4   2442020
    136472        23   2442017
    136670      3037   2442020
    131705        13   2442017
     76034       232    114501
    135707       215   2442017
    370426         2    114500
    150404        11    114501
    401674         7   2442020
     61674       271   2442020
    264364         5   2442020
     61760      1756   2442020
    133003       133   2442017
    370416         1    114500
    376644       556    114501
    151500      1620   2442020
     61034      1614   2442020
    251000         5    114501
    132232         3   2442017
    170114         2    114501
    202064       140    114501
        33       136    114502
    170604       407   2442020
    147140         3    114501
    170114       217   2442020
    150064      2311   2442020
    221660        23   2442020
     60600         2   2442020
     70444         2    114501
    175740        74   2442020
    227334      1273   2442020
    227504         2    114501
    174324       104    114501
     26430      2425   2442020
    122360        42   2442020
    223040        46    114501
    115714       210    114501
    136624        11    114500
    136203       131   2442017
    400750      3051   2442020
    375060        22   2442020
    227164         1    114501
     33160       301    114501
    132200       100   2442017
     15150        12   2442020
    147374       244    114501
     51424       352    114501
    136774       573   2442017
     26110        70   2442020
     52030        14    114501
    132161         1    114500
    132142        35    114500
    132112        26   2442017
    137356        37   2442017
    100224       101    114501
    375230        26   2442020
    137444       165   2442020
     45704        26   2442020
    117010       312    114501
    134477         3    114500
     63224      2665   2442020
     32064        42    114501
    135352         3    114500
    136707       113   2442017
    135720        12   2442017
    370521         1    114500
    137202         1   2442017
     14054        21    114501
    217064       155   2442020
    163214        10    114501
       470        54    114501
     20670      2015   2442020
    227654        34   2442020
    140533         5   2442017
    400344      1166   2442020
     75600         3   2442020
    115714      3636   2442020
     67030         1   2442020
     14310       200   2442020
    132062         1    114500
    250310         2    114501
    132244         1    114500
    222114      1674   2442020
     25100         6   2442020
    140536       113    114500
     73324         7   2442020
    206614        14    114501
       404        63    114501
     72230        23    114501
    370514         1    114500
    136766         7    114500
    105530         1   2442020
    241370        21   2442020
    144750       147   2442020
     26600       272   2442020
    151500       113    114501
    177354         1   2442020
     60110       204    114501
    370500        12    114501
      7070        54   2442020
    241050       335   2442020
    136474         5   2442017
     31140        53   2442020
    174324      2514   2442020
    167424        21   2442020
    154700         4    114501
     35114         6    114501
    136442       567   2442017
     13704      1535   2442020
    173720         1    114501
        50        11   2442021
    131534       352    114501
     13450       120   2442020
    245024        10    114501
     32404      1634   2442020
      2510      1157   2442020
    133351        30   2442017
    136365        11    114500
    171124         2   2442020
    100544       206   2442020
     24644       241    114501
    132374        75   2442020
    132054        21    114501
    135104       714   2442020
    106540       424   2442020
    135276       162   2442017
    241710        31   2442020
    223040       525   2442020
     33074      1167   2442020
    223124         3   2442020
    100140         3    114501
     71220        14    114501
    370517         2    114500
     25164        15   2442020
    303064         3   2442020
    136351      2564   2442017
    136674         3    114500
    405414         3    114501
    202064      2550   2442020
    144101        61   2442017
    135577         1    114500
    136754      2063   2442020
    272274         5   2442020
    402770       617   2442020
    202404      2312   2442020
    144514        11   2442020
    117074      6023   2442020
    140276        26    114500
     15234       173    114501
    132156        23   2442017
     33500        32    114501
    403310         3    114501
    136362         7    114500
     71774       107    114501
     54624       506   2442020
    304074         1   2442020
    111654         2   2442020
    230514         2    114501
    133016       107   2442017
    246760         7    114501
    376730         2   2442020
    144016         1   2442017
     63140        60   2442020
     63224       113    114501
    135704        12   2442017
    144344       104   2442020
    337510         1   2442020
    404320         4    114501
    135302         2   2442017
    245514      2717   2442020
    343314        23    114501
    133320      1244   2442020
    233714         1   2442020
    133325       220   2442017
    210144        22   2442020
    135721         2    114500
    135671         2   2442017
    340350         2   2442020
      2170       505   2442020
        25      1716    114502
    136703         1    114500
     12760      5163   2442020
    132002         6   2442017
    234554        64   2442020
    376730         2    114501
    136461        31    114500
    112514       151    114501
    117010     10327   2442020
    136730        17   2442017
    145270      1733   2442020
    370437        15    114500
    135676        22    114500
     45214      1275   2442020
    174004         6   2442020
    130270       244   2442020
      5624      2360   2442020
     16650       273   2442020
     52520        11    114501
    136616        47   2442017
    142644         6   2442020
    247364         4    114501
    135663         1    114500
     50734         2    114501
    142070         6   2442020
     12120         1   2442020
        52        24   2442021
    250224       114   2442020
    136771         3    114500
    401610         2   2442020
    370503         2    114500
    137213        53    114500
    137360        13   2442020
    135303         5   2442017
      4764         1   2442020
    402620       520   2442020
        54     15720   2442021
     34254        12    114501
    163534         1   2442020
    133024        10    114500
     26024        24    114501
    227570        40    114501
    146704       312   2442020
    235564         3   2442020
    351140         1   2442020
     76610       136    114501
    136701         2    114500
     10334         4   2442020
    144512        12    114500
    404554        14    114501
        60      1566   2442021
     24004         3    114501
    232704      2261   2442020
    136471       320   2442017
    350620         3   2442020
    163450       151    114501
     54370      1270   2442020
    140534        12   2442017
    136714         1    114500
    136561         1    114500
    136445         1   2442017
    135432        14    114500
    171040         1   2442020
    104434         4    114501
        20    167456   2442021
    375720       105    114501
    105124        33   2442020
      3264      3361   2442020
     61674         5    114501
    222604       117   2442020
    164630         2   2442020
    131044      6374   2442020
     60600         1    114501
    104670       134    114501
      1160       300    114501
    135270         1    114500
    132460        63   2442020
     77534       240   2442020
    164054        12    114501
     13770     10566   2442020
    132225         2   2442017
        21     33016   2442021
     45620        57    114501
    133174         1   2442017
     34020        52   2442020
       470      1042   2442020
     44674       235    114501
     26664        57    114501
    232620         6    114501
    400110      1321   2442020
    135662        32    114500
    133331         1    114500
      2424        33    114501
    122360         4    114501
      4614        50   2442020
    233310         1    114501
    110004      1524   2442020
    176260      4206   2442020
    100054      1536   2442020
     27674         1   2442020
    377100      3217   2442020
    137124        32    114501
     47404        15   2442020
     53210        14    114501
    136227        12   2442017
    133006       204   2442017
    125070         1   2442020
     21124       426    114501
    400664         1   2442020
    136722         2    114500
    157240         2    114501
    132076        14   2442017
        56     37424   2442021
    113610       140   2442020
    217150        37   2442020
    143250         4   2442020
     76270        17   2442020
    152104        42    114501
    367724        75   2442020
    173634       114   2442020
     70274         5    114501
    132011        16   2442017
    133353         1   2442017
    131723         1   2442017
    210634         5    114501
    144344         5    114501
    130440        15    114501
    155304       130   2442020
     60430       102    114501
    166330        10    114501
     52264        62   2442020
    116064      5626   2442020
        16     37060   2442021
    100140        33   2442020
     20030      1051   2442020
    112024      3445   2442020
    230664       403   2442020
     14374       774   2442020
     77300        14    114501
       724       271    114501
      5220      1334   2442020
    147140        22   2442020
     52754        62    114501
     26600        21    114501
      5050     17072   2442020
    133337         2    114500
    136717         2   2442017
    135510         7   2442020
     24004        44   2442020
    222114        50    114501
     57654       102    114501
    152660      1176   2442020
        34        11    114502
    144664         1    114501
    140536      2427   2442017
    135262         6   2442017
    151330       554   2442020
    124400       575    114501
     33244       252    114501
    142560       102    114501
    124314        41   2442020
    135675       242   2442017
     63374        56   2442020
    256774         1   2442020
    131364         4    114501
    137614       314   2442020
    140275         1    114500
    133125       103   2442017
    144174      3403   2442020
        55      1446   2442021
    102500       277   2442020
    173634         3    114501
    123370       121    114501
     45620      1217   2442020
    124144        24    114501
     12760       302    114501
    222030        10   2442020
    111100       677    114501
    136526         6    114500
     52434         1   2442020
    142560      2504   2442020
    246204       707   2442020
     74164        12   2442020
    252330        66    114501
     70274        24   2442020
     15404         1    114501
     24154         2    114501
     51660        34    114501
     24154       117   2442020
    136714        52   2442017
     31630      1043   2442020
    104200         2   2442020
     54370         2    114501
    133030         1   2442017
      7410         1    114501
    136350      5645   2442020
     76610      4441   2442020
    404064         1    114501
    137046        67   2442017
    231354       343   2442020
     65074        20    114501
    246524        10    114501
     25420         2    114501
     33734      4345   2442020
    100310         5   2442020
    135663        14   2442017
    240764         1   2442020
    147714        25    114501
         4     25640   2442021
    142240       166    114501
    370734         1   2442020
     72230       344   2442020
    405010         1   2442020
    133334         4   2442017
      1414      6311   2442020
    247770         1   2442020
    143504        44    114501
     13214        25    114501
    176344       556   2442020
     52670       244   2442020
     10420        20    114501
    143654        36   2442020
    133066        10   2442017
      4444       147   2442020
    230174         1    114501
      3200        36    114501
    116404       143    114501
    242060         1    114501
    136755        72   2442017
    226410         5   2442020
    137124       735   2442020
    135602       265   2442017
    131743         1   2442017
        12    105715   2442021
    117414      7554   2442020
     27120        10    114501
      1650       131    114501
    136706       144   2442017
    106540        22    114501
    370501         1    114500
    225464        30   2442020
    246440       506   2442020
    135204         1    114500
    105614         1    114501
        24     73575   2442021
    242464       415   2442020
    110154        23   2442020
    230600        33   2442020
     45364        66   2442020
    102500        16    114501
    132560         2   2442017
    131620         3    114501
    161174        11   2442020
    371510         3   2442020
    370010         1   2442020
     56410      1220   2442020
    370500       167   2442020
    122614     25134   2442020
        46         6   2442021
     26344        75   2442020
    136356        17   2442017
    112260        31   2442020
    135314         3   2442017
    144664       114   2442020
    107634        22    114501
     65010         4    114501
    132335        27   2442017
    103574        47   2442020
     53274       136   2442020
    132066       137   2442017
    136370      1257   2442017
    143416        50    114500
    342134         2   2442020
    143071         4    114500
     57014        12    114501
         6    122750   2442021
    132261         1   2442017
    356124     37374   2442020
    143413         2   2442017
    370520         1    114500
    110474       611    114501
    221170        11    114501
    151244        22    114501
    101320        40    114501
    135677        57   2442017
     60260        11    114501
    232770         1    114501
        13     14072   2442021
     12524        16   2442020
    207220      1364   2442020
     17340      6333   2442020
     54304       524   2442020
     54050        10   2442020
    143410         4    114500
    130524       304    114501
    252244        60   2442020
    127750        10   2442020
    123710        23    114501
    152744        53   2442020
    103660         1   2442020
     22050        16   2442020
    135346         7   2442017
    132145       211   2442017
    137132        20   2442017
    214354         3    114501
    224304         1    114501
      5304        20   2442020
    131214         3    114501
    233054         5    114501
        54       670    114502
    333450         1   2442020
     66254        20    114501
    232534       771   2442020
    136232         2   2442017
    122124      1113   2442020
        11      1021    114502
    132155         1   2442017
    155774         7   2442020
    373764         2   2442020
    246270         4    114501
    252650       417    114501
    112110       643    114501
    401120      1755   2442020
    136220         3    114500
    141550       120   2442020
        63      6366   2442021
    130674        11    114501
    130354         1    114501
    137444         7    114501
     61270       103   2442020
    134650         1   2442020
    122444         7    114501
    137001         5    114500
    137266        37   2442017
    137015         1   2442017
    136215      1026   2442017
    137040       246   2442020
    252330      2045   2442020
    132141         1   2442017
     14544        31   2442020
    240210         4   2442020
    122444       174   2442020
    112750       553   2442020
    131712         1    114500
    135602        12    114500
    136561        11   2442017
    136115         2    114500
     33160      7332   2442020
    136475         7   2442017
    144600         1    114501
        21      1523    114502
    175654        61    114501
    163364         2    114501
    136771        27   2442017
    101404       107    114501
     75344       132   2442020
    167170        22    114501
    222754       757   2442020
    141720       254   2442020
     47234         1    114501
    155624       623   2442020
    170264       156   2442020
    133347         2    114500
    105274        44   2442020
    104264      4233   2442020
     13620         7    114501
    143740        70    114501
    116404      1772   2442020
     60430      3367   2442020
     50564         4   2442020
      7004      1377   2442020
    401760         7   2442020
     70360      1520   2442020
    243004        35   2442020
    400260       317    114501
    151074       302   2442020
    250374       135   2442020
    140370         6    114501
     27760        11   2442020
    135673       105   2442017
    135016         3    114500
     51744        26    114501
    163214        47   2442020
    401440        15   2442020
    143414        10   2442017
    111334        13   2442020
     30044       347   2442020
        37      3134   2442021
     46630         3    114501
    124464        63   2442020
     63714         1   2442020
     71050       404    114501
     26344         5    114501
    154360         3    114501
    133322         6   2442017
    135665        67   2442017
     51254       132   2442020
     10014         4    114501
    154210        57    114501
        42       106   2442021
    117160       450    114501
    200620        10   2442020
    137142        11    114500
      4700         7    114501
    400600         1   2442020
    343464         1   2442020
     45364         5    114501
    273454        10   2442020
    137216        34    114500
      7004        32    114501
    135436         1    114500
    105210       124   2442020
     71624         7   2442020
    113354      3630   2442020
    133266         4   2442017
    134564       356   2442020
    136704        11    114500
    143014      5540   2442020
    132431         1   2442017
    117330        64    114501
     27204        16   2442020
    271434         3   2442020
     25250       213    114501
     25250      5261   2442020
     33650       220    114501
    376474        63    114501
    353074         2   2442020
    310220         1   2442020
    136612         3    114500
        44        32   2442021
    234470        41   2442020
    234234         1   2442020
    243240       424   2442020
     77704       102   2442020
    163364       137   2442020
    171124         1    114501
    152170       743   2442020
    125004       664   2442020
       640       102    114501
    256304        23   2442020
     77620      7635   2442020
    161664       107   2442020
    144104         3    114500
    124060         2    114501
    264130         1   2442020
    222264      2564   2442020
     10164        36   2442020
    112344        43    114501
    133032         6    114500
     57504       617   2442020
    137040        21    114501
     20434        17    114501
        11     22570   2442021
    241304         4   2442020
    246524      1722   2442020
      1244       431    114501
     15554       120   2442020
    266554         1   2442020
    243644         2    114501
    132173         1   2442017
    130674       352   2442020
    137206         4   2442017
         5     37774   2442021
    124144       707   2442020
     21530        20    114501
    242314        52   2442020
     14310        27    114501
    144110        47   2442020
     73410         2   2442020
    376004     11130   2442020
    377420     23040   2442020
        26       115    114502
        64        12   2442020
    133344        10    114500
        43        65   2442021
     14140       455   2442020
    235330      2550   2442020
    247130       320   2442020
    105614        26   2442020
    353010         3   2442020
     27440         4    114501
        33      2747   2442021
     64000        11   2442020
    135702       317   2442017
    351544         1   2442020
     36274      1101   2442020
     17104         7   2442020
    135254      1602   2442020
    243644        27   2442020
    222200         2    114501
    133360         1    114500
    114770        16    114501
    105700        21   2442020
    254754        10   2442020
     56644        14    114501
    163620         5    114501
        30       114    114502
    233630         5   2442020
     36444       124    114501
    132167         5   2442017
    105444         1   2442020
    135362         2   2442017
     64724         1   2442020
    130120     12320   2442020
    106454        47   2442020
    136221         1    114500
    132115         3   2442017
     36764     17372   2442020
    125324         5   2442020
     24644      5020   2442020
    140300         1    114500
        37       177    114502
    133347        17   2442017
        53        11   2442021
    233224     11156   2442020
     12354      7166   2442020
    353500         5   2442020
    132310       124   2442020
    140212        17   2442017
    131726         5   2442017
     56410        51    114501
    130270        10    114501
    140530       272   2442017
    204424        11    114501
    132140       170    114501
    145120         1    114501
    133003         7    114500
    140454      3626   2442020
    132144      1134   2442017
     76354         6   2442020
    112750        22    114501
        27     10763   2442021
    135700         1   2442017
    230750         5   2442020
    132163         3    114500
    132402         6   2442017
    144106       344    114500
     72400      2652   2442020
     57334       367   2442020
      6060         1   2442020
    136716         4   2442017
      2574        12    114501
      6634      2605   2442020
    370434         4    114500
     20030        45    114501
     33414       235   2442020
     27440       266   2442020
    145440         6   2442020
    236020         1   2442020
    136216         1    114500
    136223         7   2442017
    400430         4    114501
    116000       352    114501
    140213         1   2442017
    103424         2   2442020
    120020        22    114501
    105360      2561   2442020
    117244       167   2442020
    206274         4   2442020
    143014       270    114501
     57100       102    114501
    154040        36    114501
    136705         1    114500
    140300        15   2442017
    132111        27   2442017
    251064       200   2442020
    150554         5    114501
    152104       672   2442020
    132142       111   2442017
    202640        24    114501
         1    130170   2442021
    136701        31   2442017
     44610       620   2442020
    404404        36    114501
    203500       267   2442020
    115460       240    114501
    144256        35   2442017
    113034       171   2442020
     20604       103   2442020
    104434        53   2442020
     53700         1    114501
    376070     22600   2442020
    122614      1451    114501
    140276       636   2442017
    106370         1   2442020
     34424        33    114501
    132556         1    114500
    113034         7    114501
     76034      5224   2442020
    210144         2    114501
    136521        21   2442017
    142154         1   2442020
    136202         6   2442017
     27120       150   2442020
    136645        32   2442017
      1564       722   2442020
     76440         4    114501
    230110        42    114501
     60024      3413   2442020
      7070         2    114501
    343230         1    114501
    133267         1   2442017
    102564         2    114501
        16      1717    114502
     25504         3   2442020
     72634       101    114501
     12610         1    114501
    275560         3   2442020
    156550         4   2442020
    137046         2    114500
    136240         3   2442017
      6464        50   2442020
    252734         3   2442020
    145524        46   2442020
    135575         1    114500
    105040       217   2442020
    136604        31    114501
    132344         2   2442017
     14140        26    114501
    317054         4   2442020
    135275        15   2442017
    155774         2    114501
    403054         6    114501
    150640        44    114501
    137225         2    114500
    156464       462   2442020
        17      4204    114502
    151330        12    114501
     24240         1    114501
    136213         6   2442017
     45214        46    114501
    341210         1   2442020
    154124         3    114501
    252500         4    114501
        10       526    114502
    136114        40   2442020
    376560      5061   2442020
    375720      3527   2442020
    142730       123   2442020
    136115        40   2442017
    176344        27    114501
    132074        34   2442017
    261164         3   2442020
    136031         7   2442017
     21530       761   2442020
    132154       611   2442017
    146770        62   2442020
    163300        43   2442020
    246120       276   2442020
     75430        24   2442020
    372200        21   2442020
    225720        37   2442020
    144100         1    114500
     72314         1   2442020
    103170     10205   2442020
    124060        47   2442020
    132224        16   2442020
    227164        57   2442020
    203244         2   2442020
    104754       213    114501
    143164         1   2442020
      1330      3263   2442020
    132466         1    114500
    306670         2   2442020
    140274       230   2442017
      1160      5266   2442020
    231354        12    114501
    115140        22    114501
    133234       205   2442020
      2104       126   2442020
    377504      5322   2442020
    240614       304   2442020
     77450         6   2442020
     31310       143   2442020
     65650        30    114501
    230514        67   2442020
     36614        71   2442020
    136605        33   2442017
     27034         3    114501
      5370        30   2442020
    154040       776   2442020
     34020        10    114501
    140532        30    114500
     22134         4   2442020
    240040         3   2442020
    120744       726   2442020
     51104         1   2442020
    136540       514   2442017
    252160      1003   2442020
    142324         2    114501
    122274      3125   2442020
    147224         3    114501
    245344        13   2442020
     10334        17    114501
    147630       504   2442020
      2340        70   2442020
    211644         1   2442020
    151734        23    114501
    370564        17   2442020
    136224       163   2442017
     53040       670   2442020
     65564         5    114501
    133011        11   2442017
        15     65175   2442021
    245514       101    114501
      5134         2    114501
     32404        60    114501
    204104         3   2442020
    137145         7   2442017
     70444        11   2442020
     75344       170    114501
     34104        11   2442020
    140531        25   2442017
    122210         6    114501
    376154       162    114501
     63310         3    114501
    137011        60   2442017
      5540        11   2442020
    113120         3    114501
     53124        26   2442020
     73004        64    114501
     25504         1    114501
    377740      4557   2442020
    161260         3   2442020
     65160        36   2442020
    110004        54    114501
    107720        41   2442020
     14224       176    114501
     32554        31    114501
     36274        43    114501
    124550      7323   2442020
    404234         1    114501
    135104        35    114501
    223444       123   2442020
    135273         2    114500
     53764        10   2442020
    150724        77    114501
    140454       163    114501
     65564       641   2442020
    142472         4    114500
     20114       545   2442020
    167510         2   2442020
    370440         1    114500
     26664      2002   2442020
    136204         1    114500
    136222         3   2442017
    140370       122   2442020
    363344        15    114501
     77364        13    114501
     46630        36   2442020
     33330       312    114501
    223614         1   2442020
     44270      1531   2442020
    132375         1    114500
     71710         5   2442020
        17    104431   2442021
     12674       257   2442020
      2020       255    114501
    132556        26   2442017
    112110     12330   2442020
    167340        14   2442020
    136375       162   2442017
    113120        27   2442020
    126014         2   2442020
    150000        35    114501
    144252        14   2442017
    136365        56   2442017
    372114         5   2442020
     32554      1124   2442020
    112600         6   2442020
    136224         3    114500
     33330     10303   2442020
    150320      1443   2442020
    132171         3    114500
    271030         1   2442020
    131776         1   2442017
    225550       736   2442020
    222670         4    114501
    133010        12   2442017
    135257        32   2442017
    254350         1   2442020
     27524       644   2442020
    143074        16   2442017
    245260        12   2442020
    115460      4113   2442020
    132327        10   2442017
    131534     10433   2442020
     21274        53    114501
    332674         1   2442020
     46310       171   2442020
        47        21   2442021
    140220       132    114501
    136353        70   2442017
    135677         1    114500
    370425         2    114500
    136644         2   2442017
    113204         2    114501
    135525         2   2442017
    133325        10    114500
    151734       344   2442020
     61204        24    114501
    136673        30    114500
    252650     12431   2442020
    340264         3   2442020
      6144        21    114501
    234404         5   2442020
    166650        24   2442020
    130204       116   2442020
    116234        75    114501
    117564     10266   2442020
     12674        15    114501
    133331        23   2442017
    116150      5433   2442020
     56070         3    114501
     25420        10   2442020
     16650         4    114501
    116640       206    114501
    152254       173   2442020
    135530         2   2442017
     72634      2114   2442020
        14     45563   2442021
    164054       115   2442020
    163704        30   2442020
    202404        60    114501
    140134       376   2442020
    247214        22    114501
     76524         2    114501
      1010         3    114501
     13534      1125   2442020
    241050        24    114501
     32724       150   2442020
    162034      1154   2442020
        10     12520   2442021
    113440        40    114501
    136532         6   2442017
    132322        14   2442017
    136710         5    114500
    123220        11   2442020
      2574       227   2442020
    134646        15    114500
    147714      1026   2442020
    166500       506   2442020
    111420     10152   2442020
    136454        26    114500
     72400        52    114501
     35114       332   2442020
    137274        24    114501
    132566         1   2442017
      2104        30    114501
    143070         6    114500
    136604       703   2442020
    124634         2   2442020
    401524         6   2442020
     14544         1    114501
      1074        20    114501
     10164         1    114501
     31460        10   2442020
     75430         3    114501
    132010         1   2442017
    145610       471   2442020
     65330        10   2442020
      1564        36    114501
    137210     15033   2442020
    142464         1    114500
    343314        12   2442020
    376560       225    114501
     60110      3764   2442020
    231440         2    114501
       234      4216   2442020
    136473         1   2442017
     14224      3557   2442020
    145204        31   2442020
     70210        26    114501
    200704         3   2442020
    221254        46    114501
    201630        12   2442020
    370074         3   2442020
    147374      4002   2442020
      1414       163    114501
    136231         1   2442017
    110730       152   2442020
    246034        23    114501
     20604         3    114501
    132310         1    114501
    157560        14   2442020
    401034        46   2442020
    343720      5023   2442020
    135577         3   2442017
    156314        12    114501
    136442        26    114500
    247450        31   2442020
    202724        15   2442020
     34424       714   2442020
    101150       177    114501
    151010        57    114501
    104604         1    114501
    313334         2   2442020
    120020       532   2442020
    175250        72    114501
     57164      2727   2442020
    135664       241   2442017
    140450         1   2442017
    405414         3   2442020
    142730         4    114501
    135436       241   2442017
    132157        20   2442017
    144336         1   2442017
    133031         1   2442017
    154700       162   2442020
    136700         6   2442017
    115224         2   2442020
    136362      1025   2442017
    102734        75   2442020
    373444         2   2442020
    174730      3536   2442020
     57014       460   2442020
    132054       631   2442020
    132150       204   2442017
    162440        31   2442020
    144101         3    114500
    133010         1    114500
    135424        57    114501
        32     11737   2442021
     36764      1157    114501
     65074       220   2442020
    241624         3   2442020
    226324         2    114501
    250140        25   2442020
     72144         1    114501
     34340        56    114501
    202554       406   2442020
    112024       122    114501
    211560        14   2442020
      4530       100    114501
    140452         2    114500
      7560        20   2442020
    133332         2   2442017
    152744         4    114501
    133323        12   2442017
    133013         5    114500
    167574        26    114501
     47234        26   2442020
     32064      1235   2442020
        36     24373   2442021
    264300        14   2442020
     60514       214    114501
    152574        16   2442020
    133032        15   2442017
     13770       320    114501
    136200      2037   2442020
      1734      4523   2442020
    400514         1   2442020
     45534         1    114501
    136042         5   2442017
    136210         1    114500
     27524        21    114501
     71774      3101   2442020
    245260         1    114501
    143740      1060   2442020
     10420       451   2442020
    203010       323   2442020
     26024       607   2442020
    176110         2    114501
    140275        21   2442017
     56644       466   2442020
    113610         5    114501
    221510        23    114501
    137224         2    114500
    377654     10335   2442020
    234554         4    114501
    221340       107   2442020
    104604        12   2442020
    116234      2501   2442020
    136555        14    114500
      7730       150   2442020
    137075         1   2442017
    240614         7    114501
    270660         2   2442020
    150320        73    114501
      1244     13047   2442020
      2254        57    114501
    171210       470   2442020
    135721        15   2442017
    167574      1260   2442020
     70700      6772   2442020
    241774        20   2442020
    203414       146   2442020
    113204       134   2442020
    140274         7    114500
    103020        22   2442020
     21274      1540   2442020
    101064      1411   2442020
    136217        34   2442017
    132201         3   2442017
    370414      1276   2442020
     15064         4   2442020
      4530      3320   2442020
    247364        12   2442020
    176750        55   2442020
     51744       651   2442020
    177270        10    114501
    370443         1    114500
    111014      1316   2442020
    136434       200    114501
     50734        34   2442020
    343464         2    114501
    100544         2    114501
    217150         6    114501
     75514       455   2442020
    133124        22   2442017
    150724      1671   2442020
    221744        36   2442020
        30      4203   2442021
    131645         6   2442017
    133002         1   2442017
     14630        11   2442020
    350770        54    114501
    264214         2   2442020
    265140         1   2442020
      1500         1    114501
     61760        41    114501
     13214       507   2442020
    242400         3    114501
    116470        56    114501
     30044        20    114501
    143412        16    114500
    142466         2    114500
    201310        56   2442020
     13620       132   2442020
    134414        10    114501
    363260       442   2442020
     10250         1   2442020
      7154         5   2442020
    203074       322   2442020
    225634         6   2442020
    136766        67   2442017
    133023        21   2442017
     52200       156   2442020
    136241        64   2442017
    134476         5    114500
    400344        27    114501
    140302      2514   2442017
    142470         1    114500
    202554        25    114501
     72464       541    114501
    143411         3   2442017
    136435       307   2442017
    136520      1157   2442020
    337170         4   2442020
    133110        12   2442017
    106050         1   2442020
    245174       651   2442020
    376644     15246   2442020
    241624         1    114501
    132101        41   2442017
    356210         6   2442020
     14374        26    114501
     76760       324   2442020
    135352        14   2442017
     34340      1073   2442020
    117414       263    114501
    135451         2   2442017
    137700         1    114501
    135375         1   2442017
    243070         4    114501
    136210         2   2442017
      7474         4   2442020
      2424       724   2442020
    263610         3   2442020
    260410         2   2442020
    247534        20    114501
    322510         4   2442020
    137264         4    114500
    147054      1040   2442020
    376070      1200    114501
    377504       246    114501
     14054       304   2442020
    120104         4    114501
     17020       616   2442020
    132151         2    114500
     60024       146    114501
    370504         1    114500
     65244        43    114501
    132164        15   2442017
    252160        14    114501
    121030        27    114501
    222604         1    114501
    167020       124    114501
    242400       135   2442020
    145354       351    114501
     72464     12210   2442020
    402044         5   2442020
    136351       132    114500
    312324         3   2442020
    246270        75   2442020
    135256        17   2442017
    132146         3   2442017
    247620      1602   2442020
     32234      4132   2442020
    340200         3   2442020
    144251         2   2442017
    135673        23    114500
    245750        25   2442020
      2170        13    114501
    206124        12   2442020
    375400         7   2442020
     57740      6100   2442020
     66340        64   2442020
    137011         1    114500
    140302        67    114500
    105210         7    114501
     12354       351    114501
    226560        26   2442020
    156060        73   2442020
    117734       452   2442020
    136674        32   2442017
    226474        32   2442020
    137001       166   2442017
      7644         3   2442020
    370505         1    114500
    137265         1    114500
       320        16    114501
    247214       601   2442020
    246120         3    114501
    115630         5   2442020
     71370        14   2442020
    147054        62    114501
    117074       315    114501
    250140         1    114501
    170604         6    114501
    150064       107    114501
    136670       156    114501
    135360         3   2442017
    132073         2   2442017
    133326        15   2442017
    226644      1115   2442020
    227334        61    114501
    124314         4    114501
     26260      4276   2442020
    404150        26    114501
        14      2373    114502
     70530        65   2442020
    117500       375    114501
    137141        10   2442017
    372604         5   2442020
    135170         1    114501
    410040      6361   2442020
    136520        60    114501
    105360       146    114501
     65500        44   2442020
    131704        40   2442020
    116724      2055   2442020
    103340      3341   2442020
    133124         1    114500
    112430       575   2442020
    352234         1   2442020
    132167         4    114500
         2      1013    114502
    222350      1641   2442020
    235160        35   2442020
    132150         4    114500
        31     16254   2442021
    400110       107    114501
    124400     12513   2442020
     56730      3173   2442020
    120660         3    114501
    143504       335   2442020
    242464        21    114501
    137272         3    114500
    136555        11   2442017
    117734         2    114501
     31630        31    114501
    223360         1   2442020
    201460      1554   2442020
    132562         1   2442017
    265224         2   2442020
    406254         4    114501
    117500     10070   2442020
    363344       102   2442020
     14630         2    114501
    143073         4   2442017
    132544       225   2442020
    140277         1    114500
    132545        47   2442017
    222670       336   2442020
     52350         3    114501
    133265         5   2442017
    142410       301    114501
    140366         1   2442017
    106220        57    114501
    101404      2111   2442020
     32320       122    114501
    154530      5011   2442020
    136372         6    114500
    400174       276   2442020
    113674        70    114501
    142410      6556   2442020
    132460         1    114501
     25014        50    114501
    157004         3   2442020
    375550       440   2442020
    132642        44   2442017
    133100         7   2442017
     63054      1064   2442020
     27034        41   2442020
    154530       325    114501
    137206         1    114500
    105274         4    114501
     26430        27    114501
    142367         1    114500
    206444         5    114501
    206444        67   2442020
    242314        21    114501
    163620        57   2442020
     60174         6    114501
     25740       204   2442020
     21040       267   2442020
    377740       214    114501
    135532         1   2442017
    133021         1   2442017
    132144        17    114500
    132475         2   2442017
        23     66706   2442021
    137222        47    114500
    132154        33    114500
    144250         5   2442017
    142467         1   2442017
    135273        67   2442017
    135703        47   2442017
     61034        15    114501
     26260       200    114501
    137264        12   2442017
    111250         1    114501
    136710        52   2442017
    111570        21    114501
    132311         7   2442017
     76204     10011   2442020
    263674         2   2442020
        45        20   2442021
    137060         4   2442017
    142465        10   2442017
    132571         2   2442017
    163300         2    114501
    175420       217   2442020
    222264       123    114501
     51574        42    114501
    133072         2    114500
    225400        12    114501
    133000      1622   2442020
     45450         1   2442020
    156314        45   2442020
     26750        10   2442020
     44270        62    114501
    136704       135   2442017
    136631        45   2442017
    235650         1   2442020
    375144         3   2442020
    210400         1   2442020
     57334         7    114501
    201630         2    114501
    220734         1   2442020
         3     60332   2442021
    132400        21   2442017
    116554        43    114501
     53444        27    114501
     46224         1    114501
    133064      1000   2442020
    136206         7   2442017
    173464        20   2442020
     36360       137   2442020
     32724         5    114501
    120254      1471   2442020
      2020      5655   2442020
    377334       752    114501
    136350       213    114501
     61204       343   2442020
     64234         7    114501
    272700         2   2442020
     57570      1613   2442020
    101064        24    114501
     57740       250    114501
    142636         5   2442017
        34       433   2442021
    155624         5    114501
     11514         4   2442020
     32000         2    114501
    136645         2    114500
    135355         2   2442017
    152254        10    114501
    133102         3   2442017
    131712        14   2442017
     44354        40   2442020
      1330       210    114501
    370441         1    114500
    143076        51    114500
    151074        12    114501
    132472         7   2442017
    376004       366    114501
    231440       364   2442020
    150150       136   2442020
    174154        15    114501
    343720       175    114501
    133027        71   2442017
     63544       741    114501
    110070         3    114501
    136774        46    114500
    140216        34   2442017
     21444         2   2442020
     13300       162    114501
    131770        21    114501
    143074         3    114500
      5220        76    114501
    127600         1   2442020
     73474         4   2442020
    337744         1   2442020
    207220        70    114501
    223530        24    114501
     17510      1206   2442020
    136471        10    114500
    145270        31    114501
    205754         2   2442020
    263524         3   2442020
     77364       113   2442020
    132544         7    114501
    136227         1    114500
    400024       760   2442020
    132101         3    114500
     20670        73    114501
    133324         3   2442017
    372520        14   2442020
     15554         6    114501
    103170       427    114501
      6314       236   2442020
     15234      3242   2442020
    130760        25   2442020
    100714         1   2442020
     56730       120    114501
    351054       214   2442020
    254264         1   2442020
    136641       103   2442017
    144106      5753   2442017
    230344         4   2442020
     20754         7   2442020
    403224        35    114501
    136676        40   2442017
    131770       227   2442020
     56070        51   2442020
    246440         5    114501
    144750        10    114501
     63374         6    114501
    133320        44    114501
     33564       315    114501
    150000      1422   2442020
    142642        10   2442017
    402214       532   2442020
    140216         2    114500
    141634         4   2442020
     54304        13    114501
    142725         3   2442017
    213600         5   2442020
      4614         1    114501
     54050         4    114501
    222200       164   2442020
     71454       456   2442020
     63054        43    114501
    376324       246    114501
     34170      1225   2442020
     51510         1    114501
    151414      1571   2442020
         3      2606    114502
      4444         7    114501
        35      1053    114502
    144260      1005   2442020
    106220       615   2442020
    400174        10    114501
    137351         1   2442017
    116064       231    114501
    136036         2   2442017
    167104         1   2442020
    136721        25   2442017
    136705       353   2442017
     10014        55   2442020
    245174        26    114501
      7240      1337   2442020
     65160         1    114501
    230664        32    114501
     24410       111   2442020
    144254         2   2442017
     16734        11   2442020
    134414       141   2442020
    133015        10    114500
     34254       255   2442020
    162204         5    114501
    125004        26    114501
    172050       113   2442020
    152020         1   2442020
    245024       306   2442020
    132200         5    114500
    137272        66   2442017
     44674      4505   2442020
    406104         7    114501
    377570      1272    114501
        24      4060    114502
    134734         3    114501
    133250         1    114500
     76760        20    114501
       320      1141   2442020
    147630        52    114501
     72720        55   2442020
    136203         3    114500
    126164         5    114501
     32234       176    114501
     51424      6622   2442020
     24474       634   2442020
     71050     11307   2442020
    166564         6   2442020
    136215        31    114500
        63       253    114502
    223274      1042   2442020
     32640        37    114501
     33414         7    114501
     21360        30   2442020
    110644         6   2442020
    235244        55   2442020
    233054       102   2442020
      5050       642    114501
     15404         1   2442020
     33074       104    114501
    336734         1   2442020
      3114         1   2442020
     13450         2    114501
    154274        35   2442020
    340434         2   2442020
    123710       736   2442020
       150        34    114501
     32320      3010   2442020
    373700        10   2442020
    252414         2    114501
     25014      1112   2442020
    115140       737   2442020
    377654       431    114501
     32150      1514   2442020
     15320       150   2442020
    253254         3   2442020
      1734       177    114501
    137700        40   2442020
     34170        22    114501
     44610        30    114501
     27270       102   2442020
    132374         1    114501
     36360         6    114501
     52604       161   2442020
    250374         4    114501
    136762        37    114500
    370430         7    114500
    135261       101   2442017
    102650       772   2442020
    135713         3   2442017
     57164        76    114501
         4       755    114502
    246034       251   2442020
    162034        14    114501
        12      3463    114502
         5      1510    114502
    140531         2    114500
     60750      2056   2442020
    132055        71   2442017
    132466        24   2442017
        40      6646   2442021
    404000         6    114501
    144512       347   2442017
     56560        55   2442020
    222434         5    114501
    371170         5   2442020
    133024        64   2442017
    150404      1046   2442020
     34104         5    114501
    167020      2710   2442020
    136545        22   2442017
    370436         1    114500
    137140         2    114500
    112344       377   2442020
    126164       343   2442020
     12610        16   2442020
    144110         4    114501
    132070        10   2442017
    136713       163   2442017
    133027         3    114500
    377164       262    114501
     24070         6   2442020
     77300       765   2442020
    134500         6   2442020
        31       764    114502
    136446        50    114500
    133016         6    114500
    143410        64   2442017
     53210       135   2442020
    247044        26    114501
    243154        56   2442020
    166650         1    114501
     63544     22025   2442020
    135674         1    114500
    156144         3   2442020
     60174       255   2442020
     52520       150   2442020
     60514      4075   2442020
     21124     13150   2442020
    144102       436   2442017
    133361        30   2442017
     57420      2037   2442020
    114770       343   2442020
    136754       156    114501
